Nome = Doug
Senha = d30d30d30
PosX = 1684.03637695
PosY = -2292.38671875
PosZ = 13.65507411
PosR = 5.12445497
Skin = 217
Admin = 5
Dinheiro = 0
