Nome = Doug
Senha = d30d30d30
PosX = 1679.26452636
PosY = -2325.17407226
PosZ = 13.54687500
PosR = 95.05836486
